1111111111111111111111111
1222122222222222222222221
1222122211122222222222221
1111122222222222211112221
1221112222222222222222221
1221112222211122222222221
1222222222211122221112221
1222222222222222221112221
1222221112222222222222221
1222221112222111122222221
1222222222222111122222221
1222111222222222222222221
1222111222211112222211221
1222222222212222222211221
1222222222212221112222221
1222211112222221112222221
1222222222222222222222221
1222222211222222221112221
1222222211222222221112221
1222222222221111222222221
1221112222221111222222221
1221112222222222222222221
1222222221112222222222221
1222222222222222222222221
1111111111111111111111111